1 1.1124e-05
2 1.1916e-05
3 1.2281e-05
4 1.2799e-05
5 1.3118e-05
6 1.3348e-05
7 1.376e-05
8 1.4445e-05
9 1.4968e-05
10 1.5173e-05
20 1.9916e-05
30 2.4332e-05
40 2.8799e-05
50 3.3458e-05
60 3.7735e-05
70 4.2193e-05
80 4.6764e-05
90 5.1413e-05
100 5.5839e-05
200 0.000101117
300 0.000146253
400 0.000196581
500 0.00023647
600 0.000281601
700 0.00033205
800 0.00037182
900 0.000417217
1000 0.000478654
2000 0.000930721
3000 0.00138381
4000 0.00183297
5000 0.00228551
6000 0.00273779
7000 0.00318446
8000 0.00363569
9000 0.00409519
10000 0.00458635
20000 0.00907369
30000 0.0135903
40000 0.0181143
50000 0.0226387
60000 0.027164
70000 0.0316848
80000 0.0362062
90000 0.0407598
100000 0.0452523
200000 0.0904758
300000 0.135714
400000 0.180932
500000 0.226156
600000 0.271383
700000 0.31661
800000 0.361847
900000 0.407059
1000000 0.452325
2000000 0.904583
3000000 1.35683
4000000 1.80916
5000000 2.26145
6000000 2.71359
7000000 3.16589
8000000 3.61827
9000000 4.07065
10000000 4.52282
20000000 9.04545
30000000 13.5716
40000000 18.0916
50000000 22.6137
60000000 27.1386
70000000 31.6584
80000000 36.1821
