1 1.0842e-05
2 1.0675e-05
3 1.594e-05
4 1.0806e-05
5 1.0981e-05
6 1.086e-05
7 1.0849e-05
8 1.0841e-05
9 1.0875e-05
10 1.0959e-05
20 1.1104e-05
30 1.1383e-05
40 1.1678e-05
50 1.1764e-05
60 1.2158e-05
70 1.2381e-05
80 1.254e-05
90 1.2722e-05
100 1.3237e-05
200 1.5431e-05
300 1.7883e-05
400 1.9871e-05
500 2.2429e-05
600 2.4969e-05
700 2.7098e-05
800 2.9478e-05
900 3.171e-05
1000 3.4058e-05
2000 5.7229e-05
3000 8.0358e-05
4000 0.000105551
5000 0.000126454
6000 0.000152918
7000 0.000172952
8000 0.000196212
9000 0.000219077
10000 0.000242215
20000 0.000474532
30000 0.000709933
40000 0.000941927
50000 0.00118764
60000 0.00140523
70000 0.00164847
80000 0.00187615
90000 0.00210316
100000 0.00234333
200000 0.00469027
300000 0.00700015
400000 0.00932072
500000 0.0116514
600000 0.0139965
700000 0.0163264
800000 0.0185918
900000 0.0209132
1000000 0.0233167
2000000 0.0465139
3000000 0.0697828
4000000 0.092873
5000000 0.116238
6000000 0.139486
7000000 0.162683
8000000 0.185861
9000000 0.21159
10000000 0.232288
20000000 0.46458
30000000 0.69707
40000000 0.929361
50000000 1.16173
60000000 1.39386
70000000 1.62605
80000000 1.8584
90000000 2.09109
100000000 2.32501
