1 1.676e-05
2 2.1888e-05
3 2.7007e-05
4 3.2334e-05
5 3.6686e-05
6 4.2842e-05
7 4.8262e-05
8 5.3424e-05
9 5.859e-05
10 6.3195e-05
20 0.000115733
30 0.000168403
40 0.00022109
50 0.000273584
60 0.000332233
70 0.000392794
80 0.00043162
90 0.000488832
100 0.000537001
200 0.00106813
300 0.00159734
400 0.00213549
500 0.00265014
600 0.00318089
700 0.00370843
800 0.00423298
900 0.00476258
1000 0.00529605
2000 0.0105749
3000 0.0158478
4000 0.0211216
5000 0.0263971
6000 0.0316707
7000 0.0369527
8000 0.0422165
9000 0.0474963
10000 0.0527685
20000 0.105543
30000 0.158262
40000 0.211011
50000 0.263753
60000 0.31652
70000 0.369236
80000 0.421971
90000 0.474743
100000 0.527467
200000 1.05495
300000 1.58238
400000 2.10979
500000 2.63724
600000 3.16462
700000 3.69217
800000 4.21961
900000 4.747
1000000 5.27442
2000000 10.5491
3000000 15.8235
4000000 21.0982
5000000 26.3718
6000000 31.6451
7000000 36.9203
8000000 42.1955
9000000 47.4704
10000000 52.7453
20000000 105.486
30000000 158.231
40000000 210.979
50000000 263.709
60000000 316.437
70000000 369.179
80000000 421.932
90000000 474.66
100000000 513.914
