1 1.1466e-05
2 1.0717e-05
3 1.068e-05
4 1.0736e-05
5 1.0757e-05
6 1.0671e-05
7 1.155e-05
8 1.0638e-05
9 1.0835e-05
10 1.0672e-05
20 1.1012e-05
30 1.084e-05
40 1.0941e-05
50 1.0886e-05
60 1.1021e-05
70 1.1003e-05
80 1.0957e-05
90 1.1218e-05
100 1.1108e-05
200 2.8977e-05
300 1.2047e-05
400 1.2301e-05
500 1.2764e-05
600 1.299e-05
700 1.3503e-05
800 1.3802e-05
900 1.4879e-05
1000 1.4644e-05
2000 1.8708e-05
3000 2.2592e-05
4000 2.6384e-05
5000 3.0166e-05
6000 3.4255e-05
7000 3.7977e-05
8000 4.2267e-05
9000 4.5936e-05
10000 4.9938e-05
20000 8.8882e-05
30000 0.000128192
40000 0.000167026
50000 0.000206114
60000 0.000287001
70000 0.000284639
80000 0.000323324
90000 0.000367279
100000 0.000401418
200000 0.000807008
300000 0.00119731
400000 0.00157803
500000 0.00197284
600000 0.00236752
700000 0.00276312
800000 0.00315631
900000 0.00354666
1000000 0.00392804
2000000 0.00786147
3000000 0.0117781
4000000 0.0156949
5000000 0.0196047
6000000 0.0235235
7000000 0.0274398
8000000 0.0313599
9000000 0.0352638
10000000 0.0392199
20000000 0.0783456
30000000 0.117523
40000000 0.156689
50000000 0.1959
60000000 0.235009
70000000 0.274175
80000000 0.31335
90000000 0.352605
100000000 0.458961
